100 1 400 10001
100 1 401 10011
100 3 500 10001 10002 10003
100 3 501 10011 10012 10013
100 4 502 10004 10005 10006 10006
100 4 503 10014 10015 10016 10016
100 1 504 10007
100 1 505 10017
100 1 599 10099
100 3 510 10021 10022 10023
100 3 511 10031 10032 10033

100 1 601 20001

100 2 602 20002 20003
100 1 603 20004

100 1 699 20050

100 4 700 20010 20011 20012 20050
100 4 701 20020 20021 20022 20050

100 4 710 20013 20014 20015 20050
100 4 711 20023 20024 20025 20050

100 4 720 20016 20017 20018 20050
100 4 721 20026 20027 20028 20050


100 4 1001 50001 50002 50003 50004

100 1 801 60001

100 1 802 60011

100 1 803 60012

100 1 804 60021