10001 736 9 752 39 0
10002 682 9 697 39 0
10003 711 8 723 39 0
10004 748 52 772 82 0
10005 708 52 724 82 0
10006 658 53 680 82 0
10007 653 16 669 39 0

10011 81 10 97 40 0
10012 136 10 151 40 0
10013 110 9 122 40 0
10014 61 53 85 83 0
10015 109 53 125 83 0
10016 153 54 175 83 0
10017 164 17 180 40 0

10099 513 24 545 39 0

20001 0 0 17 17 1

20002 3 4 19 36 2
20003 30 4 46 36 2

1 0 0 49 49 3
2 49 0 98 49 3
3 62 0 93 31 3
4 93 0 124 31 3
5 124 0 155 31 3
6 155 0 186 31 3
7 186 0 217 31 3
8 217 0 248 31 3
9 248 0 279 31 3
10 279 0 310 31 3
11 310 0 341 31 3
12 341 0 372 31 3
13 372 0 403 31 3
14 403 0 434 31 3
15 434 0 465 31 3
16 465 0 496 31 3
17 0 31 31 62 3
18 31 31 62 62 3
19 62 31 93 62 3
20 93 31 124 62 3
21 124 31 155 62 3
22 155 31 186 62 3
23 186 31 217 62 3
24 217 31 248 62 3
25 248 31 279 62 3
26 279 31 310 62 3
27 310 31 341 62 3
28 341 31 372 62 3
29 372 31 403 62 3
30 403 31 434 62 3
31 434 31 465 62 3
32 465 31 496 62 3
33 0 62 31 93 3
34 31 62 62 93 3
35 62 62 93 93 3
36 93 62 124 93 3
37 124 62 155 93 3
38 155 62 186 93 3
39 186 62 217 93 3
40 217 62 248 93 3
41 248 62 279 93 3
42 279 62 310 93 3
43 310 62 341 93 3
44 341 62 372 93 3