10001 736 9 752 39 0
10002 682 9 697 39 0
10003 711 8 723 39 0
10004 748 52 772 82 0
10005 708 52 724 82 0
10006 658 53 680 82 0
10007 653 16 669 39 0

10011 81 10 97 40 0
10012 136 10 151 40 0
10013 110 9 122 40 0
10014 61 53 85 83 0
10015 109 53 125 83 0
10016 153 54 175 83 0
10017 164 17 180 40 0

10099 513 24 545 39 0

20001 0 0 17 17 1

20002 3 4 19 36 2
20003 30 4 46 36 2



1 224 32 256 64 3
2 32 32 64 64 3
3 32 64 64 96 3
4 32 96 64 128 3
5 32 128 64 160 3
6 544 128 576 160 3
7 608 128 640 160 3
8 448 128 480 160 3
9 480 128 512 160 3
10 320 160 352 192 3
11 640 0 672 32 3
12 736 0 768 32 3
13 672 32 704 64 3
14 640 32 672 64 3
15 640 64 672 160 3
16 640 128 672 160 3
17 704 128 736 160 3
18 736 128 768 160 3
19 672 64 704 96 3
20 672 96 704 128 3
21 672 128 704 160 3
22 672 0 704 32 3
23 20 20 32 32 3